-0.9554401
-1.249973
-0.7029413
-0.5805039
-0.3138307
-0.5805039
1.048778
-1.249973
-0.2782547
-1.524932
-0.8188837
-0.5488151
-0.9554401
-1.339008
0.194224
-0.9288347
-0.8188837
-0.5805039
-0.3138307
-0.8188837
0.7699712
-0.3138307
-0.5805039
0.6145506
-0.9288347
-1.829961
-0.1304679
0.0267163
-0.8469147
-0.8188837
-0.9288347
-1.15659
-0.1304679
0.194224
-0.7029413
-0.4510098
-0.5488151
-0.5805039
0.194224
-0.5805039
-1.033246
-0.7029413
-0.8188837
-0.8469147
-0.3138307
1.291737
-1.15659
-1.15659
-1.339008
-0.7029413
-1.505193
-1.033246
0.6145506
0.2378343
0.0267163
0.4197425
-0.5805039
-0.9554401
-1.033246
0.3731071
-1.058533
1.048778
-0.7029413
-0.4510098
-0.8188837
-0.7029413
-0.4510098
-0.1304679
-0.3138307
-0.8188837
0.194224
-1.249973
-1.15659
-0.7029413
-0.9554401
1.048778
-0.1304679
-1.15659
-0.9288347
-0.5488151
-0.3138307
-0.5488151
-1.423991
-0.4510098
0.8236827
0.5645649
0.0267163
-0.5488151
-0.5805039
-0.2782547
-0.1304679
-1.15659
-0.5805039
-0.7029413
-0.1304679
-0.4174614
-0.4510098
-1.249973
-1.423991
-0.1304679
-1.524932
-1.058533
-0.8469147
-1.339008
-0.3138307
0.194224
0.194224
0.2378343
-0.9288347
-0.2782547
-0.5805039
0.0267163
-0.5805039
-0.8188837
-0.8188837
-0.9288347
-1.15659
-0.9288347
-0.5488151
0.2378343
-1.339008
-0.1304679
0.0267163
1.291737
-0.2782547
-0.2782547
-0.2782547
0.0267163
-0.1304679
-0.2782547
-0.168262
0.6145506
0.194224
0.3731071
-0.7029413
-0.2782547
-1.423991
-1.249973
-1.058533
-0.4174614
-1.058533
-1.360623
-1.339008
-0.5805039
-0.4174614
0.194224
-0.9288347
-0.8188837
-0.3138307
-0.168262
-1.058533
-1.033246
-1.15659
0.194224
-0.4510098
0.4197425
-1.15659
0.8236827
-1.813477
-0.5805039
0.8236827
-1.15659
-0.8188837
-0.3138307
-1.033246
0.8236827
-0.5805039
-1.033246
-0.5805039
-1.339008
-1.74583
-0.8188837
-0.5805039
-0.5805039
-0.1304679
3.988924
-0.9288347
1.048778
-0.1304679
0.3731071
0.4197425
-0.168262
-1.444636
-0.7029413
0.0267163
-0.7029413
-0.9554401
-0.0135097
-0.9288347
-0.4174614
-1.058533
-0.3138307
-0.8188837
-0.8469147
-0.7029413
-0.4510098
-0.9288347
-0.7029413
-0.4510098
0.194224
-0.8188837
-0.4174614
-0.5805039
-1.058533
-0.5805039
-0.2782547
0.0267163
-0.8188837
-1.339008
-1.15659
0.7699712
-0.9554401
-0.8188837
-0.7029413
-0.4174614
0.5645649
-0.7029413
-1.227047
-1.033246
-0.9554401
1.048778
-0.5805039
-0.2782547
-1.058533
-1.15659
-0.9554401
-0.9288347
-0.7029413
0.8236827
-0.9288347
0.8236827
-1.423991
-1.339008
-1.058533
-0.5488151
-0.8188837
-0.8188837
-1.058533
3.391142
-0.5805039
-0.8188837
-0.9288347
-0.9554401
-0.3138307
-0.8188837
0.8236827
-0.9288347
0.6145506
-1.058533
-0.4510098
-1.132528
-0.1304679
-1.033246
-0.1304679
0.4197425
-0.8188837
-0.5805039
1.048778
0.4197425
-0.9288347
-1.675317
-0.4510098
-1.15659
-0.9288347
-0.9554401
-1.058533
-0.7029413
4.531576
-0.9288347
-0.3138307
-0.2782547
-0.8188837
-0.7029413
-0.4510098
-1.033246
-0.8188837
-1.058533
-0.9288347
-0.8469147
-0.4510098
-1.058533
0.0267163
0.0267163
-0.8188837
-0.4174614
-0.8469147
-0.9554401
-1.956067
0.8236827
-1.058533
-0.9288347
1.048778
-1.249973
0.8236827
-0.5805039
-0.8188837
-0.1304679
-1.249973
-0.8188837
-1.058533
0.6145506
-1.15659
-0.8188837
-0.9288347
0.5645649
-0.9554401
0.8236827
-0.4510098
-0.4510098
-0.8188837
-1.058533
-1.132528
-1.339008
-0.8188837
-0.2782547
0.8236827
-1.058533
-0.8188837
0.8236827
-0.7029413
-0.168262
-0.9288347
-1.360623
-0.8188837
0.3731071
-0.1304679
-0.5805039
-1.15659
-0.4510098
-0.4510098
-0.2782547
-1.058533
-0.9554401
-1.033246
-1.249973
-1.15659
0.194224
-0.4174614
-0.9288347
-1.058533
-0.4174614
-0.3138307
-0.2782547
-0.9288347
-0.3138307
-0.1304679
-1.249973
-1.423991
0.8236827
-0.4510098
0.3731071
-0.2782547
-0.9288347
1.554775
-0.8188837
-1.15659
-0.5805039
-0.2782547
-0.7029413
-0.5805039
-0.9554401
-0.8188837
0.3731071
-0.4510098
-1.033246
0.6145506
-0.7029413
-0.168262
0.0267163
-0.5805039
-0.3138307
-0.4510098
0.5645649
0.8236827
1.291737
-0.9288347
-0.5805039
-0.7029413
-0.9288347
0.7699712
-1.339008
-0.7029413
-1.675317
-1.249973
-1.15659
-0.7029413
-0.8188837
-0.9554401
0.5645649
-0.2782547
0.6145506
0.4197425
-1.339008
0.5645649
-1.033246
-0.7029413
1.048778
-0.9288347
1.048778
-1.15659
-0.9554401
-0.7029413
-1.132528
-1.423991
-1.956067
0.6145506
-1.15659
-0.3138307
-0.8188837
-0.8188837
-0.9554401
-0.7029413
-0.8188837
0.4197425
-0.5488151
-0.4510098
1.915804
-0.9288347
1.291737
-0.7029413
-0.7029413
-0.2782547
-0.4510098
0.6145506
2.234232
0.6145506
-0.7029413
-0.8188837
-0.8188837
-0.7029413
-0.7029413
-1.582861
-0.1304679
-0.9554401
-0.3138307
-1.15659
-1.033246
-1.15659
0.194224
-0.8469147
-1.033246
-0.5805039
-1.15659
-1.15659
-0.7029413
-0.4510098
-0.9554401
-0.4510098
-1.249973
-0.8469147
-0.4174614
0.6145506
-0.9554401
1.35552
0.0267163
1.048778
0.3731071
0.0267163
-1.582861
0.194224
-0.2782547
0.6145506
-1.339008
1.291737
-0.4174614
0.4197425
-1.058533
-0.9288347
-1.423991
0.0267163
-0.5805039
-0.6729616
0.6145506
0.5645649
0.7699712
-1.058533
1.048778
0.3731071
0.6145506
0.3731071
0.194224
-0.8188837
-0.4510098
0.194224
3.988924
0.8236827
-0.2782547
-1.74583
-0.9554401
0.5645649
3.862708
1.048778
0.8236827
-1.058533
0.3731071
4.983216
-0.8188837
0.8236827
5.83835
5.14335
-0.2782547
0.3731071
0.8236827
0.3731071
1.048778
0.194224
0.8236827
0.8236827
-0.1304679
1.048778
0.6145506
0.194224
0.6145506
0.5645649
0.3731071
-0.9288347
-0.8188837
0.0267163
-0.1304679
0.6145506
0.6145506
0.6145506
0.8236827
1.291737
0.6145506
0.4197425
1.048778
0.5645649
1.048778
0.6145506
1.048778
1.048778
0.7699712
0.5645649
-0.9554401
0.6145506
1.048778
0.3731071
1.35552
0.4197425
0.3731071
0.3731071
0.5645649
0.5645649
1.048778
0.6145506
0.8236827
0.8236827
-0.7029413
-3.719749
0.0267163
1.291737
-0.1304679
1.840486
0.6145506
1.048778
0.8236827
1.291737
1.291737
0.3731071
0.8236827
1.048778
0.0267163
0.5645649
0.6145506
1.048778
0.6145506
0.8236827
0.5645649
0.7699712
1.048778
0.5645649
0.8236827
0.6145506
-0.9288347
1.291737
-0.4510098
0.4197425
0.7699712
-1.132528
-0.2782547
0.194224
0.8236827
-0.8469147
1.554775
1.291737
0.8236827
0.8236827
-0.9288347
-1.423991
0.6145506
1.291737
0.5645649
1.291737
-0.1304679
2.234232
1.048778
0.7699712
1.048778
0.6145506
-0.9288347
0.6145506
0.3731071
-0.4510098
0.3731071
0.194224
0.7699712
0.0267163
-0.5805039
2.583056
1.048778
0.7699712
0.5645649
-0.4510098
-1.132528
1.048778
3.504305
0.4197425
-1.249973
0.5645649
0.8236827
1.048778
-1.033246
0.7699712
0.3731071
-1.15659
0.8236827
-1.249973
-0.8469147
1.048778
-1.15659
0.0267163
1.048778
1.554775
0.7699712
0.2378343
0.0267163
-1.675317
-0.2782547
0.8236827
0.6145506
0.6145506
0.7699712
0.3731071
-0.1304679
-1.058533
0.8236827
1.048778
0.4197425
1.048778
0.3731071
0.4197425
0.8236827
0.3731071
-0.7029413
0.6145506
0.4197425
-0.8469147
1.048778
0.0267163
0.3731071
0.6145506
0.8236827
0.3731071
0.7699712
0.4197425
0.7699712
0.3731071
0.3731071
0.5645649
0.5645649
1.291737
0.8236827
0.5645649
0.8236827
0.4197425
0.7699712
0.5645649
0.8236827
0.8236827
0.3731071
0.7699712
0.6145506
1.291737
0.194224
-0.1304679
0.0267163
0.8236827
0.0267163
-0.4510098
0.8236827
0.194224
0.7699712
-0.5805039
0.6145506
-0.5805039
0.6145506
1.048778
0.8236827
0.6145506
-0.4510098
-0.4174614
1.291737
0.8236827
1.554775
0.6145506
0.5645649
1.915804
1.915804
-0.9554401
1.048778
0.5645649
1.048778
0.8236827
0.194224
0.6145506
1.048778
1.048778
-0.1304679
0.7699712
0.0267163
0.6145506
2.583056
1.048778
-0.1304679
0.2378343
-0.5488151
0.0267163
1.048778
-1.360623
0.3731071
-0.5805039
1.048778
0.194224
0.8236827
1.840486
1.623966
0.3731071
0.8236827
0.7699712
-0.5805039
1.554775
1.048778
1.048778
0.0267163
0.6145506
-0.1304679
1.840486
0.8236827
0.6145506
0.3731071
-0.2782547
-1.15659
1.35552
0.8236827
0.5645649
0.9909085
0.194224
0.8236827
-0.1304679
3.391142
1.048778
0.3731071
0.6145506
0.5645649
0.8236827
0.3731071
0.8236827
1.048778
0.8236827
0.5645649
0.6145506
1.35552
0.5645649
0.0267163
0.5645649
1.048778
0.6145506
0.6145506
0.194224
1.048778
0.4197425
1.291737
0.4197425
0.5645649
0.3731071
0.5645649
0.7699712
0.6145506
1.048778
1.048778
1.291737
1.048778
1.291737
1.915804
-1.132528
-0.8188837
4.531576
0.8236827
0.6145506
-0.1304679
1.915804
2.583056
0.194224
-1.227047
0.0267163
0.8236827
0.6145506
0.6145506
0.6145506
0.8236827
1.048778
0.8236827
0.8236827
-0.7029413
0.5645649
0.3731071
0.4197425
0.3731071
-1.033246
-0.7029413
-0.0135097
0.6145506
0.6145506
0.6145506
-3.656936
0.7699712
0.6145506
2.583056
0.8236827
2.583056
0.8236827
0.8236827
0.8236827
0.4197425
0.6145506
-1.058533
0.8236827
0.4197425
-1.033246
0.4197425
0.0267163
0.8236827
2.966848
-2.431215
1.048778
0.8236827
0.6145506
0.8236827
0.194224
0.0267163
0.194224
0.5645649
1.048778
-0.4510098
0.3731071
-1.249973
0.3731071
0.194224
0.8236827
0.8236827
0.6145506
0.5645649
-0.2782547
-0.8188837
0.8236827
0.6145506
0.8236827
0.8236827
0.6145506
0.194224
0.8236827
0.8236827
-0.2782547
0.8236827
0.8236827
1.048778
0.8236827
-0.5805039
0.4197425
0.3731071
0.8236827
-2.565528
0.2378343
-0.9288347
0.7699712
0.9909085
0.8236827
0.5645649
0.6145506
0.6145506
0.7699712
0.7699712
1.048778
-1.058533
0.0267163
1.048778
0.0267163
0.8236827
0.3731071
